
% 20180821 dataset

areas_to_remove= [
    [-40, -30, 6, 21];...
    [-20, 0, 10, 20];...
    [-10, 0,-12, -11];...
    [-28, 5, -3.0, 0];...
    [-16, -12, -9.0, -5];...
    [-10.0, 2, -4.2, -2];...
    [-24.0, -16, -3.6, -2.5];...
    [-110.0, -40, -25, -5];...
    [-34, -20, 0, 3];...
    [-38, -35, 2, 6];...
    [-26, -24, -3.5, -2.5];...
    [-110, -90, 0, 30];...
    [-50, -36, 6, 18];...
    [-34, -26, 18, 24];...
    [-13, -9, -13, -8];...
    [-18.5, -17.5, -4, -3];...
    [2.5, 4.5, 8.5, 10.5];...
    [-67.5, -65.5, -4, -2];...
    [-28, -3, -5, -3]];


