

% 20180419 dataset

areas_to_remove= [
[0,8,0,15];...
[-28,15,-24,-18];...
[-35,-27,27,30]];