

% 20180725 dataset

areas_to_remove= [
[22, 26, -2, 8];...
[-34, -30, -14, -6];...
[5, 7, -25, 0];...
[4.47, 6, -38, -25];...
[-50, -40, -50, 20];...
[-40, -35, -10, 10];...
[10, 15, -50, -40];...
[-19.5, -19, 11.5, 12.5];...
[20, 30, -50, -35];...
[10, 11, 6, 7]];